	chr1_MATERNAL_p	chr1_MATERNAL_q	chr1_PATERNAL_q	chr1_PATERNAL_p	chr2_MATERNAL_q	chr2_PATERNAL_q	chr3_MATERNAL_q	chr3_PATERNAL_q	chr4_MATERNAL_p	chr4_MATERNAL_q	chr4_PATERNAL_q	chr4_PATERNAL_p	chr5_MATERNAL_q	chr5_PATERNAL_q	chr6_MATERNAL_p	chr6_MATERNAL_q	chr6_PATERNAL_q	chr6_PATERNAL_p	chr7_MATERNAL_q	chr7_MATERNAL_p	chr7_PATERNAL_q	chr7_PATERNAL_p	chr8_MATERNAL_p	chr8_PATERNAL_p	chr9_MATERNAL_q	chr9_MATERNAL_p	chr9_PATERNAL_q	chr9_PATERNAL_p	chr10_MATERNAL_q	chr10_MATERNAL_p	chr10_PATERNAL_q	chr10_PATERNAL_p	chr11_MATERNAL_p	chr11_PATERNAL_p	chr12_MATERNAL_q	chr12_MATERNAL_p	chr12_PATERNAL_q	chr12_PATERNAL_p	chr13_MATERNAL_q	chr13_MATERNAL_p	chr13_PATERNAL_q	chr13_PATERNAL_p	chr14_MATERNAL_p	chr14_PATERNAL_p	chr15_MATERNAL_q	chr15_MATERNAL_p	chr15_PATERNAL_p	chr15_PATERNAL_q	chr16_MATERNAL_p	chr16_MATERNAL_q	chr16_PATERNAL_p	chr16_PATERNAL_q	chr17_MATERNAL_p	chr17_MATERNAL_q	chr17_PATERNAL_p	chr17_PATERNAL_q	chr18_MATERNAL_p	chr18_PATERNAL_p	chr19_MATERNAL_p	chr19_MATERNAL_q	chr19_PATERNAL_p	chr19_PATERNAL_q	chr20_MATERNAL_p	chr20_PATERNAL_p	chr20_PATERNAL_q	chr21_MATERNAL_p	chr21_MATERNAL_q	chr21_PATERNAL_q	chr21_PATERNAL_p	chr22_MATERNAL_p	chr22_MATERNAL_q	chr22_PATERNAL_q	chr22_PATERNAL_p	chrX_MATERNAL_q	chrX_MATERNAL_p	chrY_PATERNAL_p	chrY_PATERNAL_q
chr1_MATERNAL_p	0.0	0.0	0.0	0.11089602476972987	0.0	0.0035240438276637315	0.021528856015037547	0.0014368985339682672	0.0	0.0	0.0022122938115398186	0.0	0.036455247828409275	0.06914275481608916	0.013927985834202166	0.022251962648815463	0.022547181576804888	0.0	0.0	0.001795102011063022	0.0	0.0037652283310318515	0.0030064387155200904	0.013867383896090558	0.02187655723826289	0.0	0.023801798643179824	0.0	0.0	0.0	0.0	0.0	0.03251888580327608	0.01059120995226936	0.0	0.002470135060736552	0.0	0.0030845882291654454	0.0	0.0009956201229636636	0.0	0.0	0.0	0.0	0.001498307521484894	0.0	0.0	0.0021024595524176304	0.0005416102230561765	0.009046134615619646	0.001877982251892035	0.0	0.0	0.005425542136774586	0.0	0.0025518110985277703	0.0	0.0	0.004738721812722116	0.0	0.0100261355250636	0.0009079659238647359	0.0068165630076410175	0.018629629897103917	0.0024240909695345623	0.0	0.0	0.0	0.0	0.0	0.0012981366106465026	0.003727164908929844	0.0	0.0	0.0	0.0	0.0028977143638163126
chr1_MATERNAL_q	0.0	0.0	0.027887573206618586	0.0	0.0	0.001469353563036475	0.001330839976086068	0.0	0.0	0.0012033763795346569	0.0	0.0	0.0	0.0	0.0	0.0009153524314862266	0.0	0.006197913602737085	0.0	0.0009774490130780196	0.012984705305908947	0.0	0.0	0.0	0.0	0.0	0.00010267688508313492	0.0	0.0	0.018516477014034922	0.0	0.0	0.0	0.0	0.0	0.0	0.0	0.0	0.006495879110228145	0.0	0.0	0.0	0.0	0.0	0.0008759544767418978	0.0	0.000474840536096973	0.00031037737367080196	0.0	0.0004879842368047493	0.001901949483486268	0.011387922371502508	0.0	0.006156060083784865	0.0	0.00605342708978921	0.0	0.0015777275399489828	0.0	0.005332676790243066	0.0	0.0014913089043171813	0.0053726433601320725	0.009603324386021251	0.0	0.0	0.0026097081117612804	0.0	0.0006654869525368491	0.0	0.004707943097124904	0.006878863429916424	0.0	0.00025808922500000645	0.0005945611303904324	0.0005572117176337139	0.00070040048731788
chr1_PATERNAL_q	0.0	0.027887573206618586	0.0	0.0	0.002048087595619703	0.0009025228510423326	0.0031006237855734833	0.0018635378773222712	0.0031267220104259567	0.006285372184432601	0.0	0.0038385223486294084	0.0	0.001822722607403642	0.0	0.0	0.0	0.0017991873720557806	0.0	0.001298194897334401	0.0	0.0	0.0	0.0	0.0	0.002347665212206017	0.00028097071716136384	0.0005881519000342206	0.002439005441823425	0.0	0.0	0.0034724271016421363	0.0	0.0	0.0	0.0	0.0	0.012996812899772149	0.0	0.0	0.012743544266817326	0.0	0.000648628221969594	0.0007884106613890409	0.0	0.0	0.0	0.001515061168294116	0.006095664879818513	0.0	0.00036418762736189104	0.0	0.0	0.0	0.0020681453513671077	0.0	0.0	0.0004972699468022185	0.0	0.0013439872968774237	0.001590084154594763	0.003613864625003773	0.00467886100437419	0.0055754826777367405	0.0	0.0	0.007029853864453517	0.013126876036364915	0.00044273898792028727	0.0	0.0	0.017885360918818195	0.0	0.0015630237711503094	0.0	0.0	0.0
chr1_PATERNAL_p	0.11089602476972987	0.0	0.0	0.0	0.007114283245312321	0.014971678596931508	0.012896199922623782	0.006531019570834578	0.0	0.004468480825652792	0.0	0.0	0.037917097375971376	0.029227859060554664	0.0	0.016540672289926017	0.011184661537143963	0.0	0.0	0.0012859449648497927	0.0	0.012910245766745829	0.026993108925355055	0.02276275679272393	0.017178160134937757	0.0	0.0022340589266370585	0.0	0.0027354986035350495	0.0	0.005791454476012054	0.00471157134555132	0.013875364645600978	0.0038990783950714034	0.0	0.004692360210120677	0.0	0.004393238834745932	0.0	0.0014227598579689886	0.0	0.0	0.0	0.0	0.001764589676062935	0.0	0.0	0.0007195680594377475	0.0014571334007863882	0.0059544971762006986	0.0060512753833221015	0.005965335155496407	0.008004566592114588	0.0004640784118555516	0.0	0.0	0.0	0.0	0.017209281126570223	0.0	0.0062844826604363455	0.0018643444148676482	0.006160989089550194	0.01427238651925236	0.003586011190467575	0.0	0.0	0.004082498541001304	0.0	0.0	0.0	0.0014332566712677954	0.0	0.0	0.00045503625646993695	0.0	0.0
chr2_MATERNAL_q	0.0	0.0	0.002048087595619703	0.007114283245312321	0.0	0.18389233976669714	0.0	0.0013281872120587087	0.0	0.0013484963706797786	0.0	0.0	0.0023880264091462864	0.0006660285848791339	0.00951538426289935	0.006596420709807095	0.002677803860148279	0.005832016081337603	0.0	0.002069356969645731	0.0	0.005096829244564015	0.0	0.0027999746672022784	0.005418872780218839	0.0016007280820501443	0.0015520308296981503	0.0011113885062095604	0.001943919561078459	0.0	0.006800070238895035	0.0	0.0	0.0009092415449390812	0.0	0.0	0.0	0.013316655832160665	0.0	0.0	0.0	0.0	0.0	0.0	0.0	0.0002183212346709149	0.0	0.0	0.00201663188208588	0.03275240346077447	0.00141052577963071	0.005391904738676596	0.0	0.0	0.0	0.0	0.0	0.0	0.0	0.0	0.0	0.0023769518816405756	0.007192626713755953	0.0	0.00323427579061786	0.0	0.0	0.0046901170070955305	0.0	0.0	0.0	0.0	0.0	0.001960963348172919	0.0	0.0	0.0
chr2_PATERNAL_q	0.0035240438276637315	0.001469353563036475	0.0009025228510423326	0.014971678596931508	0.18389233976669714	0.0	0.0	0.0	0.003322629152335478	0.0	0.0	0.0	0.0	0.0	0.0	0.010452397356499233	0.0239752920983354	0.0	0.0	0.005999433009243612	0.0	0.011895192381804887	0.0023740758900748994	0.0	0.0023634887814540017	0.0	0.0018579213214854652	0.0	0.0	0.0	0.025667285858059066	0.0	0.0	0.0	0.0	0.0005310708678444045	0.0	0.0	0.0	0.0	0.0	0.0	0.0	0.0	0.002912644826153008	0.0	0.0	0.0012128938043496824	0.0014604247423237499	0.02540426499868243	0.0015847722154997484	0.0	0.0	0.0004472606091348553	0.0	0.003771851426425278	0.0	0.0	0.0	0.0	0.0	0.0	0.0	0.008812621718760405	0.0	0.0	0.0	0.0	0.0	0.0	0.0	0.0	0.0	0.0005126319640401521	0.0004093185803640341	0.00493080936478416	0.0
chr3_MATERNAL_q	0.021528856015037547	0.001330839976086068	0.0031006237855734833	0.012896199922623782	0.0	0.0	0.0	0.02940776854768858	0.03350830022587511	0.0	0.007768562212588488	0.0	0.01290687849543885	0.021078052858905887	0.0	0.005573284092447545	0.00716553851172476	0.0	0.0	0.006843962700925091	0.0	0.010642406920719844	0.0	0.007009957138430556	0.019033349973980446	0.0019578925768799914	0.025555606254615896	0.0009353558765877371	0.0038667923833085077	0.001209318366172312	0.014276972100785882	0.013024095973034253	0.02455933934568529	0.03335577068260442	0.0	0.019127339749602356	0.025689477270885056	0.009806117017810154	0.0	0.0	0.0	0.0	0.0	0.0008964969594066774	0.025703647672538035	0.0	0.0	0.005806756621252061	0.0014261784468962045	0.014390406384889982	0.004417443524773653	0.003191136653744154	0.010315101730718982	0.0002910890051229528	0.01810712399900423	0.0	0.0	0.0002470222670986291	0.04104931641908298	0.0	0.03551797639631481	0.0	0.013272511050895719	0.017389338286743793	0.0016684554967346203	0.0019996649404831115	0.0	0.0	0.0	0.0	0.0014814856006775093	0.0	0.0	0.0018549342125040893	0.0	0.001208560577181943	0.0
chr3_PATERNAL_q	0.0014368985339682672	0.0	0.0018635378773222712	0.006531019570834578	0.0013281872120587087	0.0	0.02940776854768858	0.0	0.002443662988324513	0.0005169870597245554	0.0	0.0	0.015446411877279367	0.0005269160119629194	0.0	0.006643153326121017	0.002302737849046797	0.003726047008463844	0.0	0.001852472863004137	0.0	0.009173548008888421	0.006393399519528027	0.006734065887021528	0.02758801215502392	0.000598813942341703	0.01463590261602637	0.00032874388406351645	0.0011838776067652878	0.0033839707476444004	0.00015381842120898965	0.0	0.020313260870337742	0.01957612538027613	0.0	0.0	0.0	0.001953243059513724	0.0	0.0	0.0	0.0	0.0002797790019842552	0.000518305308515209	0.0017669385516388546	0.0005951540743727144	0.0	0.0015649162091068433	0.00040218668565575804	0.0037108697917151378	0.0030677257705956245	0.0011413907692582115	0.0033943202713174014	0.006740316682809802	0.0035865166166249352	0.0	0.0	0.0	0.045949285403533865	0.0	0.029282482564287053	0.0	0.00977057803941204	0.002039406798127456	0.007441079352549643	0.0	0.0	0.0019631799208983357	0.0	0.0	0.003248619410782181	0.0	0.0	0.0020830826106914497	0.0	0.00040051653473727086	0.0
chr4_MATERNAL_p	0.0	0.0	0.0031267220104259567	0.0	0.0	0.003322629152335478	0.03350830022587511	0.002443662988324513	0.0	0.0	0.04429345874394352	0.24432838316722344	0.0	0.0	0.0	0.0	0.0	0.0	0.0	0.0016996266262769854	0.0	0.0	0.0010655583157091837	0.001080754064435047	0.0	0.0	0.0	0.0	0.0	0.0	0.0	0.0	0.0	0.0	0.0	0.0	0.0	0.0	0.0	0.0005791280421878002	0.02194492178754041	0.0	0.0014115839429888893	0.0	0.0	0.0	0.0	0.0	0.005401954296003627	0.0	0.0007342220068493597	0.006997616356345307	0.0	0.0	0.006060008728470238	0.0	0.0	0.01306751688871654	0.00789581727747718	0.0	0.0014446072985591682	0.0	0.0	0.0	0.009634482647486684	0.0009599701124614388	0.0	0.0	0.0	0.0	0.0	0.0	0.0	0.0	0.0	0.0	0.0
chr4_MATERNAL_q	0.0	0.0012033763795346569	0.006285372184432601	0.004468480825652792	0.0013484963706797786	0.0	0.0	0.0005169870597245554	0.0	0.0	0.08291584777033796	0.0	0.000782823536000113	0.005981923110961814	0.0	0.0005916876145275355	0.0	0.0	0.0	0.0	0.0	0.0	0.0	0.0	0.0	0.0	0.0	0.0	0.01778464593911279	0.012618530091064032	0.002950199557100173	0.0	0.0	0.0	0.0	0.0	0.0	0.00024104119015799362	0.0	0.0006370756623348031	0.0	0.02425075722503269	0.0007372724314767706	0.0	0.000174399578773083	0.0	0.0	0.0013426274170766559	0.0015790918731143399	0.0	0.0	0.0	0.0	0.006128551926515033	0.0	0.0	0.0	8.016167162724387e-05	0.0	0.0038404431579712782	0.0	0.009307987332029503	0.003582472883011455	0.00334957095458179	0.0	0.0	0.0077108134130228845	0.0	0.0	0.0	0.0	0.0034036154187777113	0.0	0.0009204928717011532	0.0002830574709546911	0.0002619203603784508	0.0
chr4_PATERNAL_q	0.0022122938115398186	0.0	0.0	0.0	0.0	0.0	0.007768562212588488	0.0	0.04429345874394352	0.08291584777033796	0.0	0.0	0.001377738005844256	0.03530123515754861	0.0	0.004455927510764569	0.0	0.0	0.005714805964209201	0.0005537850913813912	0.008883188686550931	0.0	0.00036982800626617486	0.0016266478965469358	0.0	0.0002895916984682092	0.0023608864823990777	0.0029959977611740294	0.04897402267615064	0.0	0.0677710126052756	0.025809728369628405	0.0	0.0	0.0	0.0	0.000644887025971744	0.0015574919694423418	0.0	0.00408695039953036	0.0	0.0	0.00016945764044096843	0.001146577465421438	0.0	0.001274428908188983	5.1648731064315487e-05	0.0018406666874800045	0.0	0.0023326533709124224	0.0014302778878040314	0.0	0.0	0.0	0.0	0.0	0.0	0.0019059683370340817	0.0	0.0	0.0	0.0049871166972851695	0.0	0.0	0.0010940983519847581	0.0	0.006618577843626626	0.023379824599395277	0.0	0.0015419107673795176	0.0	0.0	0.0	0.002242858895070362	6.626976227188892e-05	0.0005623809488589167	0.00988393262031215
chr4_PATERNAL_p	0.0	0.0	0.0038385223486294084	0.0	0.0	0.0	0.0	0.0	0.24432838316722344	0.0	0.0	0.0	0.0	0.0	0.0	0.0	0.0	0.0	0.0	0.0	0.0	0.0	0.0	0.0	0.0	0.0	0.00224074053062979	0.0	0.0	0.0	0.0	0.0	0.0	0.0	0.0	0.0	0.0	0.0	0.0	0.004528918053424109	0.0	0.0	0.0	0.001739252485577191	0.0	0.0	0.0	0.003450161161151539	0.004421141848095783	0.0034574832206271016	0.0	0.0	0.0	0.0	0.0	0.0	0.0	0.008982135378621428	0.0	0.0	0.0	0.0	0.0	0.0	0.0	0.0	0.01439582285980399	0.0	0.0	0.02047263118352488	0.0	0.0	0.0	0.0	0.0005241733232571768	0.0	0.0
chr5_MATERNAL_q	0.036455247828409275	0.0	0.0	0.037917097375971376	0.0023880264091462864	0.0	0.01290687849543885	0.015446411877279367	0.0	0.000782823536000113	0.001377738005844256	0.0	0.0	0.1386052673064688	0.0	0.031973400835016354	0.021414092268943467	0.0	0.0	0.00574317392351426	0.0	0.004181469252375155	0.00444587724680965	0.007361868977924215	0.00364780447298945	0.0	0.001532462750770571	0.0009000151092528543	0.0018547019961780372	0.0	0.00035070507653798367	0.0	0.027470075179229347	0.009895048978535095	0.0	0.0	0.0	0.00530708878842331	0.0	0.0013004359640811996	0.0	0.0	0.0	0.0	0.002961149001113976	0.0	0.0	0.0	0.0008143180479557024	0.003852722159950506	0.0033491918704256114	0.0	0.0	0.0014226521276511804	0.002353374053733682	0.007963426433053934	0.0	0.0	0.007183570513556921	0.0	0.0035459299361920806	0.0009428227845605455	0.00429980911100085	0.004363770629748493	0.005324807657072783	4.6159252621140975e-05	0.0	0.0	0.000999033044947356	0.0	0.0035117371500629187	0.0	0.0	0.0012437089480869642	0.00011009850388031891	0.0	0.00039981008626992605
chr5_PATERNAL_q	0.06914275481608916	0.0	0.001822722607403642	0.029227859060554664	0.0006660285848791339	0.0	0.021078052858905887	0.0005269160119629194	0.0	0.005981923110961814	0.03530123515754861	0.0	0.1386052673064688	0.0	0.00859371232335195	0.018536512053754412	0.042433465602754246	0.0	0.0	0.002301073494573452	0.0	0.003639304474059174	0.0013762901493736713	0.017645397586011004	0.01319024697824854	0.0	0.001927987265324792	0.00026034904646781576	0.0	0.0	0.010952733009664062	0.0	0.03750675125926076	0.010139603293709035	0.006591855565845382	0.0	0.004182228307161422	0.0	0.0	0.0007684685168776708	0.0	0.0	0.0008909631017331676	0.0	0.0006037231971177822	0.0	0.0	0.0	0.0024607728453779733	0.0003076802753881041	0.0030758383165898754	0.0018024535393047498	0.0	0.0	0.001970268375090064	0.00461471134068191	0.0005595763304163383	0.0	0.0015502450950532819	0.0	0.0035012691639860058	0.0	0.002803949202177329	0.0	0.0014044353930994207	0.000601077729057152	0.0	0.0	0.0	0.0	0.0	0.0018443520382308112	0.0	0.0003382506741376464	0.0	0.0	0.0006242781531421291
chr6_MATERNAL_p	0.013927985834202166	0.0	0.0	0.0	0.00951538426289935	0.0	0.0	0.0	0.0	0.0	0.0	0.0	0.0	0.00859371232335195	0.0	0.0	0.0	0.09260045999722095	0.0	0.005899926380514202	0.0	0.0	0.0007403801749306287	0.018005660768989573	0.01131868823584787	0.016730137936983174	0.0008705044956653959	0.008638997678507395	0.0	0.008120551606428725	0.0	0.0	0.0	0.0	0.0	0.0	0.0	0.007253864098797178	0.0	0.00044088452746956656	0.0	0.0	0.0	0.0	0.0	0.001627086169557404	0.0	0.009809005543502017	0.0	0.0033191962475445144	0.0003340139073463033	0.0	0.0	0.0	0.0	0.0	0.0	0.0011519273342034725	0.014937397394064834	0.0	0.011542056470213388	0.0	0.0	0.0	0.03189916261071072	0.0	0.0	0.0	0.0018111372859242643	0.0	0.0	0.0	0.0	0.0004872872229949063	0.0	0.0	0.0
chr6_MATERNAL_q	0.022251962648815463	0.0009153524314862266	0.0	0.016540672289926017	0.006596420709807095	0.010452397356499233	0.005573284092447545	0.006643153326121017	0.0	0.0005916876145275355	0.004455927510764569	0.0	0.031973400835016354	0.018536512053754412	0.0	0.0	0.13642049817039228	0.0	0.010516464002690176	0.0011469104545400912	0.0	0.0021991363986088625	0.007360817655258698	0.006287321722720527	0.0020634271639646084	0.0	0.0	0.0	0.0	0.0	0.0	0.0	0.02488068873792271	0.009961237154776875	0.0	0.0	0.0	0.0	0.0	0.0	0.0	0.0	0.0	0.0018726025548264891	0.03116387070213752	0.0	0.0	0.003965816244034342	0.004363338626951362	0.008987581534011852	0.004405909502717121	0.0	0.0	0.008772037375745684	0.0	0.0	0.0	0.0	0.013610304513441347	0.0	0.0	0.0008044921056649063	0.00583281332861313	0.01390113946353669	0.0012235827860223004	0.0	0.0	0.008143949234823825	0.001491850028608414	0.0010087307336027304	0.0	0.0	0.0	0.0	0.0010374618730603117	0.0	0.0005907224239661256
chr6_PATERNAL_q	0.022547181576804888	0.0	0.0	0.011184661537143963	0.002677803860148279	0.0239752920983354	0.00716553851172476	0.002302737849046797	0.0	0.0	0.0	0.0	0.021414092268943467	0.042433465602754246	0.0	0.13642049817039228	0.0	0.0	0.0	0.009729597689648822	0.0	0.011709566344314932	0.008937753736771028	0.01674760760743352	0.0033668459118740813	0.0	0.0	0.0	0.008447031745876346	0.0	0.0016043367641927718	0.0	0.04106137687814598	0.010521536565030229	0.0	0.0	0.0	0.0	0.0	0.0030994629061591636	0.0	0.0	0.0	0.0	0.0012953556240205579	0.0	0.0	0.0037090050653969353	0.0021620624830126756	0.0	0.002011512118508019	0.0	0.0	0.010547331707376657	0.0020105623340398067	0.022920639904343478	0.0	0.0010606242926895237	0.0023226348860891986	0.0	0.0	0.0	0.0	0.0	0.0	0.0003785481096406323	0.0	0.0	0.0	0.0	0.0	0.0	0.0	0.0	0.0	0.000491028025398174	0.0
chr6_PATERNAL_p	0.0	0.006197913602737085	0.0017991873720557806	0.0	0.005832016081337603	0.0	0.0	0.003726047008463844	0.0	0.0	0.0	0.0	0.0	0.0	0.09260045999722095	0.0	0.0	0.0	0.0	0.0021377727357344764	0.0	0.0008009939590557809	0.0	0.004218375576046946	0.002469620820907549	0.0010473077743761792	0.0	0.003189561579016877	0.0	0.0	0.0	0.0	0.010271945760508331	0.016039056149232563	0.0	0.0027466714714227043	0.0	0.0013246521700948908	0.0	0.0	0.0	0.0	0.0	0.0	0.0015931771874011854	0.0	0.0	0.0	0.0	0.0033916939671985104	0.0009886696922044769	0.0	0.0	0.0	0.0	0.0	0.0	0.0	0.014244121192280237	0.0	0.0	0.0	0.0	0.0	0.07784646853309013	0.0	0.0	0.0	0.0	0.0	0.0	0.0	0.0	0.0	0.0	0.0	0.0
chr7_MATERNAL_q	0.0	0.0	0.0	0.0	0.0	0.0	0.0	0.0	0.0	0.0	0.005714805964209201	0.0	0.0	0.0	0.0	0.010516464002690176	0.0	0.0	0.0	0.0	0.216848189033308	0.0	0.0009684129907285351	0.0	0.0	0.0	0.0	0.0	0.0	0.0	0.0	0.0	0.0	0.0	0.0	0.0	0.0	0.0	0.0	0.0	0.0	0.0	0.0	0.0	0.0	0.0	0.0	0.001197625275664872	0.0	0.0013909847201213476	0.0	0.0	0.0	0.0	0.0	0.0	0.0	0.0	0.0	0.0	0.0	0.0	0.0	0.0	0.00665569005441635	0.0	0.0	0.0	0.0	0.0	0.009472837682358676	0.0	0.0	0.0	0.0002512116740888118	0.002682987690559878	0.0
chr7_MATERNAL_p	0.001795102011063022	0.0009774490130780196	0.001298194897334401	0.0012859449648497927	0.002069356969645731	0.005999433009243612	0.006843962700925091	0.001852472863004137	0.0016996266262769854	0.0	0.0005537850913813912	0.0	0.00574317392351426	0.002301073494573452	0.005899926380514202	0.0011469104545400912	0.009729597689648822	0.0021377727357344764	0.0	0.0	0.02160763109893744	0.039265553137188276	0.0004858894200091677	0.00024305782930147837	0.022296913014006815	0.0004632124212039214	0.007748800610802078	0.00036037362774797154	0.0	0.000667664264948275	0.004968276988418928	0.002036815507021958	0.016185853058910276	0.0063589194567814835	0.0	0.0	0.0	0.002362099497723658	0.0	0.00011961054005969964	0.0	0.0	0.0	0.0	0.002691667264964896	0.0	0.0003371837505271013	0.00015720842309177737	0.0061351604494049175	0.007542264589383492	0.015714574376420366	0.0033040442083840404	0.0008948943807687128	0.01693646692100424	0.12470652094227432	0.0012410061118461346	0.0005703676797131218	0.0	0.0020505225678090493	0.0007737896731587152	0.014756072187912165	0.0011688903981737595	0.00765653378946592	0.019001693651958227	0.01004260481928445	0.0	0.0	0.0	0.0	0.0	0.0	0.0	0.0	0.00847584634516536	0.004756088014482238	0.0016778056837935438	0.0014713541812423935
chr7_PATERNAL_q	0.0	0.012984705305908947	0.0	0.0	0.0	0.0	0.0	0.0	0.0	0.0	0.008883188686550931	0.0	0.0	0.0	0.0	0.0	0.0	0.0	0.216848189033308	0.02160763109893744	0.0	0.0	0.0	0.0	0.0	0.0	0.0	0.0	0.0	0.0	0.0	0.036407056433961214	0.0	0.0	0.0	0.0	0.0	0.0	0.0	0.0028591601472900815	0.0	0.0	0.0	0.00045701308648213074	0.0	0.0005537383197714771	0.0	0.0014518869568646345	0.0	0.0	0.0	0.0	0.0	0.0	0.0	0.0	0.0065468949860223325	0.0016047445255609031	0.0	0.0	0.0	0.0	0.0	0.0	0.023955810774483926	0.0	0.0	0.0	0.0	0.0	0.0	0.0	0.0	0.0	0.0	0.000799348843679674	0.0008043671405489158
chr7_PATERNAL_p	0.0037652283310318515	0.0	0.0	0.012910245766745829	0.005096829244564015	0.011895192381804887	0.010642406920719844	0.009173548008888421	0.0	0.0	0.0	0.0	0.004181469252375155	0.003639304474059174	0.0	0.0021991363986088625	0.011709566344314932	0.0008009939590557809	0.0	0.039265553137188276	0.0	0.0	0.0011703819616092261	0.0007891684069370256	0.00411561605913219	0.0008430771759329859	0.002513355510466514	0.0005067713124667913	0.003145028066871831	0.0	0.00342926373679292	0.0	0.0036648428239675315	0.003858670490621255	0.0	0.0003972748489861725	0.0	0.0	0.0	0.0005120780023219739	0.0	0.0	0.0007355166057713586	0.0005866139592611276	0.003372085249013591	0.000116772050803028	0.0	0.0	0.0026057262406916303	0.023336790244458668	0.007971144189272734	0.00757258787914647	0.004540943223831047	0.0	0.006867494496627891	0.0	0.0009789012945919148	0.0	0.008850863715340133	0.0018570331829970686	0.009969643575682972	0.0	0.008415649488006237	0.0008097358851499793	0.003029081963455594	9.85889900234991e-05	0.0005173381643092596	0.0	0.00018027197933598776	0.0003667961706734031	0.0	0.0	0.0	0.0020079169191283045	5.599150168276544e-05	0.00044618916290943274	0.00015594057102573654
chr8_MATERNAL_p	0.0030064387155200904	0.0	0.0	0.026993108925355055	0.0	0.0023740758900748994	0.0	0.006393399519528027	0.0010655583157091837	0.0	0.00036982800626617486	0.0	0.00444587724680965	0.0013762901493736713	0.0007403801749306287	0.007360817655258698	0.008937753736771028	0.0	0.0009684129907285351	0.0004858894200091677	0.0	0.0011703819616092261	0.0	0.025038929947219134	0.002674078163414609	0.0006396904629372247	0.005977639422086682	0.0004950649414628003	0.0	0.0	0.0	0.0	0.0069375096020699014	0.005467189195241469	0.0	0.0003663981235979393	0.0	0.00031071238846422996	0.0	0.0011718303998476914	0.0	0.0	0.0004071459243427813	0.0003501288672817574	0.0001429899399883403	6.736993053082112e-05	0.0	0.0007703456752644936	0.0	0.00028271270924829395	0.0015904884926796023	0.0	0.0	0.0030724292721371824	0.0	0.00173989726848728	0.002141174707348715	0.0	0.0	0.0	0.0	0.0007665711970085877	0.0	0.0	0.0	0.0003789151503772823	0.0	0.0010795809151574302	0.0002426942328345931	0.00024318179310567738	0.0006827501618998851	0.0	0.0	0.0	0.0014693958675562144	0.0006178545243791547	0.00016193974276640998
chr8_PATERNAL_p	0.013867383896090558	0.0	0.0	0.02276275679272393	0.0027999746672022784	0.0	0.007009957138430556	0.006734065887021528	0.001080754064435047	0.0	0.0016266478965469358	0.0	0.007361868977924215	0.017645397586011004	0.018005660768989573	0.006287321722720527	0.01674760760743352	0.004218375576046946	0.0	0.00024305782930147837	0.0	0.0007891684069370256	0.025038929947219134	0.0	0.0043812080611580866	0.00045863901217350385	0.008422225136270181	0.00023607137326577563	0.0	0.0	0.0034543702707619784	0.0025880332769609555	0.009190495570597985	0.0038300272002112818	0.002891981513721235	0.0	0.0	0.0	0.0	0.0015168173008962647	0.0	0.0	0.007558767633306682	0.0	0.0	0.0	0.0021223686856066035	0.00692318449262863	0.00019168190157338992	0.0	0.002265766186488172	0.0	0.0	0.005954525499994328	0.0	0.0049142070141924505	0.0077744719858275505	0.0012770782391280386	0.0007329381362166865	0.0003082112749132616	0.0009080670666780415	0.0	0.002324030258784595	0.0	0.0003600673226119636	5.9677459151111796e-05	0.0	0.0	0.0	0.0008895189802849391	0.0	0.0	0.002630350992040879	0.0	0.00027574876098958545	0.0010200578737788134	0.0
chr9_MATERNAL_q	0.02187655723826289	0.0	0.0	0.017178160134937757	0.005418872780218839	0.0023634887814540017	0.019033349973980446	0.02758801215502392	0.0	0.0	0.0	0.0	0.00364780447298945	0.01319024697824854	0.01131868823584787	0.0020634271639646084	0.0033668459118740813	0.002469620820907549	0.0	0.022296913014006815	0.0	0.00411561605913219	0.002674078163414609	0.0043812080611580866	0.0	0.0	0.05046874827542806	0.0	0.0	0.0	0.0	0.0	0.012304903431878162	0.013263714599451987	0.0	0.0025902720493693864	0.0	0.00309517625061757	0.0	0.0	0.0	0.0	0.0	0.0	0.0013446173714881523	0.0	0.0	0.0034607309441343687	0.005578684937411402	0.014961234904692184	0.02167916896060701	0.02000329358763172	0.002605026808120077	0.0034011908557941392	0.0008077073341515913	0.0008045574549654512	0.0006498066860591861	0.0	0.00915451847381797	0.0	0.0124932216212605	0.0	0.004664084796352691	0.0018911774242878743	0.02157272842532829	0.0	0.0033913769438295503	0.0	5.7829854775156815e-05	0.0	0.0002467160826191337	0.002047589299192973	0.0	0.0	0.0004970893647910365	0.00022800016842773293	0.0
chr9_MATERNAL_p	0.0	0.0	0.002347665212206017	0.0	0.0016007280820501443	0.0	0.0019578925768799914	0.000598813942341703	0.0	0.0	0.0002895916984682092	0.0	0.0	0.0	0.016730137936983174	0.0	0.0	0.0010473077743761792	0.0	0.0004632124212039214	0.0	0.0008430771759329859	0.0006396904629372247	0.00045863901217350385	0.0	0.0	0.0013392890005219454	0.023223380597295982	0.0	0.0	0.0	0.0	0.0	0.002014311023475216	0.0	0.0010190155002139524	0.0	0.0010361390608021356	0.0	4.2283205649659975e-05	0.0	0.0	0.0007486354685233131	0.0	0.011593348629522394	4.427852387196857e-05	0.0	0.002713005948171689	0.0004040852056836383	0.0	0.0011286137115939336	0.012169386032141334	0.0	0.0	0.0005269407596776027	0.0	0.0	0.0	0.006744631986959473	0.0	0.00410899726871752	0.0	0.0	0.0	0.004498830297546433	9.336175876090583e-05	0.0	0.0	0.00016187699391981248	0.0	0.0	0.0	0.0	0.0	0.00023042403764332155	0.0	0.0
chr9_PATERNAL_q	0.023801798643179824	0.00010267688508313492	0.00028097071716136384	0.0022340589266370585	0.0015520308296981503	0.0018579213214854652	0.025555606254615896	0.01463590261602637	0.0	0.0	0.0023608864823990777	0.00224074053062979	0.001532462750770571	0.001927987265324792	0.0008705044956653959	0.0	0.0	0.0	0.0	0.007748800610802078	0.0	0.002513355510466514	0.005977639422086682	0.008422225136270181	0.05046874827542806	0.0013392890005219454	0.0	0.0	0.0	0.0016476116753444388	0.0017767962435197482	0.003768485908298432	0.010083227330696292	0.005219476438003161	0.0	0.0009222120694991176	0.0	0.0	0.0	0.00011023838766787645	0.0	0.0	0.0036346319376094017	0.0006295795215872882	0.0	0.0005956234940548209	0.0	0.0027345941976217613	0.002726820224793345	0.014037890271444527	0.014523868401611326	0.0032398076512553057	0.0	0.0	0.002502874574870375	0.0	0.0	0.003297232635121925	0.0049488362244058445	0.0	0.013965205871428295	0.0	0.014124359680713535	0.006408180483407479	0.00458878961857319	0.0001773005333796714	0.00044131171124342034	0.0013027702783538551	0.0	0.0	0.0	0.0001427000406207427	0.0	0.0	0.00034290712496723403	0.00042869456663875596	0.0
chr9_PATERNAL_p	0.0	0.0	0.0005881519000342206	0.0	0.0011113885062095604	0.0	0.0009353558765877371	0.00032874388406351645	0.0	0.0	0.0029959977611740294	0.0	0.0009000151092528543	0.00026034904646781576	0.008638997678507395	0.0	0.0	0.003189561579016877	0.0	0.00036037362774797154	0.0	0.0005067713124667913	0.0004950649414628003	0.00023607137326577563	0.0	0.023223380597295982	0.0	0.0	0.0	0.0	0.0	0.0	0.0016363319853352311	0.0	0.003595928970981554	0.006899784542403015	0.0	0.004685306940426621	0.0	0.0003301405414626837	0.0	0.0	0.00012445615572967476	5.7066896866886935e-05	0.020499209465377255	3.5964329897173276e-05	0.0	0.004154803601636862	0.000332197773015911	0.00018579255562090427	0.0	0.0012195005454509816	0.0	0.0	0.0	0.0	0.0003049433830499652	0.0007617547438137724	0.0010382980986614536	0.0	0.0	0.0	0.001339038269653612	0.0028559309263271396	0.0	0.0004676068347164203	0.0	0.0	0.0	0.0	0.0	0.0	0.0	0.0017723436964256205	0.00010888924366622532	0.0006131738879201775	0.0003992618689365645
chr10_MATERNAL_q	0.0	0.0	0.002439005441823425	0.0027354986035350495	0.001943919561078459	0.0	0.0038667923833085077	0.0011838776067652878	0.0	0.01778464593911279	0.04897402267615064	0.0	0.0018547019961780372	0.0	0.0	0.0	0.008447031745876346	0.0	0.0	0.0	0.0	0.003145028066871831	0.0	0.0	0.0	0.0	0.0	0.0	0.0	0.0	0.10971538305235852	0.0	0.0	0.0	0.0	0.0	0.0	0.0006622542514045896	0.0	0.0	0.0	0.0	0.0	0.0	0.0	0.0	0.0	0.0008323151669710283	0.0	0.0	0.0032634525328229737	0.004233441966202916	0.0	0.0	0.0	0.0	0.0	0.0	0.0	0.0	0.0	0.0	0.0	0.0	0.0	0.0	0.001276955924016507	0.004577466893407668	0.0	0.0	0.0	0.0	0.0	0.0	0.0	0.0	0.0
chr10_MATERNAL_p	0.0	0.018516477014034922	0.0	0.0	0.0	0.0	0.001209318366172312	0.0033839707476444004	0.0	0.012618530091064032	0.0	0.0	0.0	0.0	0.008120551606428725	0.0	0.0	0.0	0.0	0.000667664264948275	0.0	0.0	0.0	0.0	0.0	0.0	0.0016476116753444388	0.0	0.0	0.0	0.0	0.14403728483215789	0.0	0.010802942614538515	0.0	0.0	0.0	0.0	0.0	0.0	0.027448313411904447	0.0	0.0	0.0	0.0	0.003021063762301127	0.0	0.0009549828305426112	0.0023030244292928308	0.0	0.0	0.0	0.014183786371852086	0.0	0.003954652124908576	0.0	0.0035835692181822856	0.0	0.01087636674113667	0.0	0.0	0.0	0.0	0.0	0.0	0.000953576785529965	0.02979975806554635	0.0	0.001232332516699276	0.0	0.0	0.0	0.0	0.0	0.004656082145017403	0.0	0.0
chr10_PATERNAL_q	0.0	0.0	0.0	0.005791454476012054	0.006800070238895035	0.025667285858059066	0.014276972100785882	0.00015381842120898965	0.0	0.002950199557100173	0.0677710126052756	0.0	0.00035070507653798367	0.010952733009664062	0.0	0.0	0.0016043367641927718	0.0	0.0	0.004968276988418928	0.0	0.00342926373679292	0.0	0.0034543702707619784	0.0	0.0	0.0017767962435197482	0.0	0.10971538305235852	0.0	0.0	0.0	0.0	0.0	0.0	0.0	0.0005879375381629613	0.0	0.0	0.007885346422282141	0.0	0.0	0.0	0.0	0.01498390156755303	0.0	0.0	0.0019464489271954675	0.007063032408333577	0.01229405087849454	0.004170485017298153	0.0	0.0	0.0008805556223195838	0.0	0.0	0.0009006670132806452	0.005789286423540805	0.0	0.004405134915454224	0.0	0.0	0.0	0.0	0.0	0.0	0.011183422917782918	0.0	0.0	0.0	0.0	0.0	0.0	0.0005463055985561685	0.0005381454475332446	0.0	0.00045699239788525353
chr10_PATERNAL_p	0.0	0.0	0.0034724271016421363	0.00471157134555132	0.0	0.0	0.013024095973034253	0.0	0.0	0.0	0.025809728369628405	0.0	0.0	0.0	0.0	0.0	0.0	0.0	0.0	0.002036815507021958	0.036407056433961214	0.0	0.0	0.0025880332769609555	0.0	0.0	0.003768485908298432	0.0	0.0	0.14403728483215789	0.0	0.0	0.01301757742503893	0.0	0.0	0.0	0.0	0.0	0.0	0.0	0.0	0.0	0.0	0.0	0.0	0.0	0.004611160246819203	0.0	0.002012896106935772	0.0019814004442020804	0.000812711985668198	0.0	0.0	0.0	0.0034564565469928817	0.0	0.0031321215860610424	0.002867814056608075	0.0	0.0	0.03701659435886777	0.0	0.009765781327381167	0.0	0.0	0.0	0.01302283558845809	0.0	0.0010770868488251414	0.0	0.0	0.0	0.0	0.0	0.004636524569838572	0.0	0.0032706529236671603
chr11_MATERNAL_p	0.03251888580327608	0.0	0.0	0.013875364645600978	0.0	0.0	0.02455933934568529	0.020313260870337742	0.0	0.0	0.0	0.0	0.027470075179229347	0.03750675125926076	0.0	0.02488068873792271	0.04106137687814598	0.010271945760508331	0.0	0.016185853058910276	0.0	0.0036648428239675315	0.0069375096020699014	0.009190495570597985	0.012304903431878162	0.0	0.010083227330696292	0.0016363319853352311	0.0	0.0	0.0	0.01301757742503893	0.0	0.1686187446533018	0.0	0.004566482032390912	0.0	0.014355648748241035	0.0	0.0	0.016969639640081007	0.0	0.0	0.0	0.05534719131144873	0.0	0.0	0.014346038346949929	0.0015893405815325212	0.022490318138169846	0.005440211387854512	0.004872031837608259	0.003686972323831786	0.0	0.010548075929640896	0.0	0.0	0.0	0.017198243574990703	0.0	0.006036101519311393	0.0	0.0	0.0	0.0	0.0	0.003999246939526493	0.0	0.0	0.0	0.0	0.009484029562261576	0.0	0.0	0.0	0.0014732630064782314	0.0
chr11_PATERNAL_p	0.01059120995226936	0.0	0.0	0.0038990783950714034	0.0009092415449390812	0.0	0.03335577068260442	0.01957612538027613	0.0	0.0	0.0	0.0	0.009895048978535095	0.010139603293709035	0.0	0.009961237154776875	0.010521536565030229	0.016039056149232563	0.0	0.0063589194567814835	0.0	0.003858670490621255	0.005467189195241469	0.0038300272002112818	0.013263714599451987	0.002014311023475216	0.005219476438003161	0.0	0.0	0.010802942614538515	0.0	0.0	0.1686187446533018	0.0	0.0	0.010953179065426588	0.0	0.0	0.0	0.0031296089442037585	0.0	0.0	0.0	0.0	0.03228529918587133	0.0014195384243559654	0.0	0.01912936143146479	0.00034632848372069086	0.012929858813934183	0.007706389784405939	0.0	0.02610114820849386	0.0	0.0006962104956818027	0.0	0.0	0.0	0.011348496909903541	0.0	0.029513277666280105	0.0	0.006658287780147311	0.0	0.011544563438336005	0.0	0.0014877977177653052	0.0	0.0	0.0	0.004113028024717033	0.0006112054878796531	0.0	0.0	0.0	0.0	0.0
chr12_MATERNAL_q	0.0	0.0	0.0	0.0	0.0	0.0	0.0	0.0	0.0	0.0	0.0	0.0	0.0	0.006591855565845382	0.0	0.0	0.0	0.0	0.0	0.0	0.0	0.0	0.0	0.002891981513721235	0.0	0.0	0.0	0.003595928970981554	0.0	0.0	0.0	0.0	0.0	0.0	0.0	0.0	0.08084389892750346	0.0	0.0	0.0	0.0	0.0	0.0	0.0	0.0	0.0	0.0	0.007863582708819119	0.020834123642999195	0.0	0.0	0.0	0.0	0.0	0.0	0.0	0.0	0.0	0.0	0.0	0.0	0.004012032646571883	0.0	0.0	0.0	0.0	0.0	0.0	0.0	0.0	0.0	0.0	0.0	0.0006217138230197598	0.0	0.0	0.0
chr12_MATERNAL_p	0.002470135060736552	0.0	0.0	0.004692360210120677	0.0	0.0005310708678444045	0.019127339749602356	0.0	0.0	0.0	0.0	0.0	0.0	0.0	0.0	0.0	0.0	0.0027466714714227043	0.0	0.0	0.0	0.0003972748489861725	0.0003663981235979393	0.0	0.0025902720493693864	0.0010190155002139524	0.0009222120694991176	0.006899784542403015	0.0	0.0	0.0	0.0	0.004566482032390912	0.010953179065426588	0.0	0.0	0.0	0.07246334980974031	0.0	0.0	0.0	0.0	0.0	0.0	0.000526970007261267	0.0	0.0010761520884496572	0.0011908184188952216	0.010225374174582542	0.0014332871424310323	0.0011566218092656712	0.004122193799975506	0.0	0.0	0.0	0.0	0.0	0.0	0.009669996530203048	0.0	0.0006902072510974802	0.0	0.002324769328689641	0.0	0.013810743594709749	0.0	0.0	0.0	0.0002602408912781563	0.0	0.0	0.0	0.0	0.00020272694919392588	0.0	0.0	0.0017604187633226086
chr12_PATERNAL_q	0.0	0.0	0.0	0.0	0.0	0.0	0.025689477270885056	0.0	0.0	0.0	0.000644887025971744	0.0	0.0	0.004182228307161422	0.0	0.0	0.0	0.0	0.0	0.0	0.0	0.0	0.0	0.0	0.0	0.0	0.0	0.0	0.0	0.0	0.0005879375381629613	0.0	0.0	0.0	0.08084389892750346	0.0	0.0	0.0	0.0	0.005268742595767864	0.0	0.0	0.0	0.002130905006631505	0.0	0.0	0.0	0.0	0.02610851889872157	0.0	0.0	0.0	0.0	0.0	0.0	0.0	0.0	0.0	0.0	0.0	0.0	0.0	0.0	0.0	0.0	0.0	0.0	0.0	0.0	0.0	0.0	0.0	0.0	0.0	0.0	0.0	0.0
chr12_PATERNAL_p	0.0030845882291654454	0.0	0.012996812899772149	0.004393238834745932	0.013316655832160665	0.0	0.009806117017810154	0.001953243059513724	0.0	0.00024104119015799362	0.0015574919694423418	0.0	0.00530708878842331	0.0	0.007253864098797178	0.0	0.0	0.0013246521700948908	0.0	0.002362099497723658	0.0	0.0	0.00031071238846422996	0.0	0.00309517625061757	0.0010361390608021356	0.0	0.004685306940426621	0.0006622542514045896	0.0	0.0	0.0	0.014355648748241035	0.0	0.0	0.07246334980974031	0.0	0.0	0.00188794007708602	0.0	0.0	0.0	0.0	0.0	0.0005082893756725735	0.0007452835100761224	0.003960097195081175	0.0	0.0019616950130532246	0.021441810473791047	0.0010344516476063922	0.01592186758777067	0.0	0.0009280830478210238	0.0	0.0	0.0	0.0	0.008993831539662565	0.0	0.0	0.0	0.007456383067072	0.0	0.0015497724513218662	0.0	0.0	0.0	0.0007239502943441128	0.0	0.0	0.0034873047694901206	0.0	0.0007463330291762114	0.0	0.0	0.0033303754612778375
chr13_MATERNAL_q	0.0	0.006495879110228145	0.0	0.0	0.0	0.0	0.0	0.0	0.0	0.0	0.0	0.0	0.0	0.0	0.0	0.0	0.0	0.0	0.0	0.0	0.0	0.0	0.0	0.0	0.0	0.0	0.0	0.0	0.0	0.0	0.0	0.0	0.0	0.0	0.0	0.0	0.0	0.00188794007708602	0.0	0.0	1.0	0.0	0.0	0.0	0.0	0.0	0.0	0.0	0.0025799705798140588	0.0	0.0031897302178691	0.007881537744446136	0.0	0.0	0.0	0.0	0.0	0.0	0.0	0.0	0.0	0.0	0.0	0.008492653232290676	0.0	0.0	0.0	0.01629225584357893	0.0	0.0	0.0	0.0	0.0	0.0	0.0	0.0	0.0
chr13_MATERNAL_p	0.0009956201229636636	0.0	0.0	0.0014227598579689886	0.0	0.0	0.0	0.0	0.0005791280421878002	0.0006370756623348031	0.00408695039953036	0.004528918053424109	0.0013004359640811996	0.0007684685168776708	0.00044088452746956656	0.0	0.0030994629061591636	0.0	0.0	0.00011961054005969964	0.0028591601472900815	0.0005120780023219739	0.0011718303998476914	0.0015168173008962647	0.0	4.2283205649659975e-05	0.00011023838766787645	0.0003301405414626837	0.0	0.0	0.007885346422282141	0.0	0.0	0.0031296089442037585	0.0	0.0	0.005268742595767864	0.0	0.0	0.0	0.0	0.039563239892423774	0.050666185931229825	0.05823860615927292	0.0	0.012392078591101634	0.0585225433913088	0.0010216521884355214	0.00023996917689032179	5.89756200976529e-05	5.1692772363878596e-05	0.0	0.0	5.095615488931698e-05	0.0002207052781903329	0.0	0.00027005589178676856	0.0029876673384674353	0.006464082330479776	0.0	0.0	9.290252336016547e-05	0.0	0.0	0.0	0.0011718066545830046	0.0004941554215500525	0.0013449304681546017	0.003304125974557365	0.01466764805049821	0.0	0.00020583300804055384	0.05803397064727108	0.0006862184479765362	0.0014393019695788543	0.0030560462155810333	0.0005732411069229751
chr13_PATERNAL_q	0.0	0.0	0.012743544266817326	0.0	0.0	0.0	0.0	0.0	0.02194492178754041	0.0	0.0	0.0	0.0	0.0	0.0	0.0	0.0	0.0	0.0	0.0	0.0	0.0	0.0	0.0	0.0	0.0	0.0	0.0	0.0	0.027448313411904447	0.0	0.0	0.016969639640081007	0.0	0.0	0.0	0.0	0.0	1.0	0.0	0.0	0.0	0.0010054934603660585	0.0010833597852147332	0.0	0.0	0.0	0.0	0.005673684964980761	0.0	0.0	0.0	0.0	0.0	0.0	0.0	0.025327077477080816	0.0	0.0	0.0	0.0	0.0	0.0	0.12095522228848014	0.0	0.0	0.0	0.0	0.0	0.0	0.0	0.0	0.0	0.0	0.0	0.0019977389750767856	0.0
chr13_PATERNAL_p	0.0	0.0	0.0	0.0	0.0	0.0	0.0	0.0	0.0	0.02425075722503269	0.0	0.0	0.0	0.0	0.0	0.0	0.0	0.0	0.0	0.0	0.0	0.0	0.0	0.0	0.0	0.0	0.0	0.0	0.0	0.0	0.0	0.0	0.0	0.0	0.0	0.0	0.0	0.0	0.0	0.039563239892423774	0.0	0.0	0.003116602401987247	0.0965491850107382	0.0	0.08291242706188608	0.014110034449813161	0.0	0.0	0.0	0.0	0.0	0.0	0.0	0.0	0.0	0.0	0.0	0.0	0.0	0.0	0.0	0.0	0.0031542015469442513	0.0	0.0	0.0	0.0	0.005479158637120563	0.10711123936158676	0.0	0.0	0.18614968844991087	0.0	0.010159356401550242	0.0005015320782031566	0.0
chr14_MATERNAL_p	0.0	0.0	0.000648628221969594	0.0	0.0	0.0	0.0	0.0002797790019842552	0.0014115839429888893	0.0007372724314767706	0.00016945764044096843	0.0	0.0	0.0008909631017331676	0.0	0.0	0.0	0.0	0.0	0.0	0.0	0.0007355166057713586	0.0004071459243427813	0.007558767633306682	0.0	0.0007486354685233131	0.0036346319376094017	0.00012445615572967476	0.0	0.0	0.0	0.0	0.0	0.0	0.0	0.0	0.0	0.0	0.0	0.050666185931229825	0.0010054934603660585	0.003116602401987247	0.0	0.028722163179435285	0.0	0.006908210532202238	0.3378080927560848	0.00018311951191069318	0.0	0.0	0.0005296830834191128	0.0	0.0	0.0	0.0	0.0	0.0005943622116040487	0.000768995215592947	0.0	0.0	0.0	0.00041983190917838233	0.0	0.0	0.0	0.0	0.0	0.0	0.002575731321534822	0.01549078658669852	0.0	0.0002602087155065581	0.026668727027533517	0.0	0.0013574425254791614	0.004395693496460384	0.0
chr14_PATERNAL_p	0.0	0.0	0.0007884106613890409	0.0	0.0	0.0	0.0008964969594066774	0.000518305308515209	0.0	0.0	0.001146577465421438	0.001739252485577191	0.0	0.0	0.0	0.0018726025548264891	0.0	0.0	0.0	0.0	0.00045701308648213074	0.0005866139592611276	0.0003501288672817574	0.0	0.0	0.0	0.0006295795215872882	5.7066896866886935e-05	0.0	0.0	0.0	0.0	0.0	0.0	0.0	0.0	0.002130905006631505	0.0	0.0	0.05823860615927292	0.0010833597852147332	0.0965491850107382	0.028722163179435285	0.0	0.0	0.0342597523177953	0.05733333207560177	0.00015611002258796735	5.0138994606141614e-05	0.0	0.0	0.0	0.0	0.0	0.0	0.0	0.0004966902453292009	0.00011006275717470463	0.0007758293474768685	0.0	0.0002467181070558645	8.993084700306834e-05	0.0	0.0	7.51984598030875e-05	0.003174196708216033	0.00033195945965814987	0.00026048747413878076	0.0019289604380587743	0.04853249013130359	0.0	0.006158094790888137	0.05255551892442445	0.0	0.00012687302781344637	0.0016965198304989904	0.0006572895715897227
chr15_MATERNAL_q	0.001498307521484894	0.0008759544767418978	0.0	0.001764589676062935	0.0	0.002912644826153008	0.025703647672538035	0.0017669385516388546	0.0	0.000174399578773083	0.0	0.0	0.002961149001113976	0.0006037231971177822	0.0	0.03116387070213752	0.0012953556240205579	0.0015931771874011854	0.0	0.002691667264964896	0.0	0.003372085249013591	0.0001429899399883403	0.0	0.0013446173714881523	0.011593348629522394	0.0	0.020499209465377255	0.0	0.0	0.01498390156755303	0.0	0.05534719131144873	0.03228529918587133	0.0	0.000526970007261267	0.0	0.0005082893756725735	0.0	0.0	0.0	0.0	0.0	0.0	0.0	0.0	0.0	0.03460229717679458	0.0036829064184644776	0.002095616348291266	0.000372149383629594	0.0009864457619132361	0.0005668385229714727	0.00021021947788192426	0.0	0.001128609374879507	0.0020433728634421827	0.003801320037437228	0.01279541354635981	0.0	0.048059068600728255	0.0	0.0	0.0	0.001785731415739507	0.0004493312505175868	0.0	0.0	0.00013008713191250924	0.0012553910502498802	0.0	0.0	0.0	0.0	4.7872420785823196e-05	0.0004961178906617374	0.00020375049932074574
